((("asdf" .
   [0 0 1 0])
  ("enter" .
   [0 0 0 0 1])
  ("how-many" .
   [0 0 1 1 0 0 0 0])
  ("This" .
   [0 0 0 1])
  ("is" .
   [1 0])
  ("awk-mode" .
   [0 0 1 0 0 0 0 0])
  ("that" .
   [1 0 0 0])
  ("the" .
   [1 0 0])
  ("first" .
   [1 0 0 0 0])
  ("awesome!" .
   [0 0 0 0 0 0 1 0])
  ("println" .
   [1 0 0 0 1 0 0])
  ("print" .
   [1 0 0 0 0])
  ("col" .
   [1 0 0])
  ("pascal" .
   [2 0 0 0 0 0])
  ("else" .
   [6 0 0 0])
  ("chars" .
   [15 0 0 0 0])
  ("List" .
   [2 0 0 0])
  ("Int" .
   [2 0 0])
  ("def" .
   [1 0 0])
  ("isBalanced" .
   [2 0 0 0 0 1 1 0 0 0])
  ("Char" .
   [1 0 0 1])
  ("open" .
   [6 0 0 0])
  ("Boolean" .
   [1 0 0 0 0 0 0])
  ("if" .
   [5 0])
  ("equals" .
   [1 0 0 0 0 0])
  ("remove" .
   [1 0 0 0 0 0])
  ("isEmpty" .
   [1 0 0 0 0 0 0])
  ("false" .
   [1 0 0 0 0])
  ("head" .
   [1 0 0 0])
  ("var" .
   [1 0 0])
  ("char" .
   [1 0 0 0])))
